,Campus ID,Name,Quiz 1,Quiz 2,Quiz 3,Quiz 4,Midterm ,Final exam,Grand Total
41,9072061881,"Smetek,Samuel Robert",10.0,10,10.0,9.0,132.5,150.0,321.5
27,9071577937,"Marinin,Benjamin",10.0,10,10.0,10.0,100.5,150.0,290.5
75,9071461926,"Sauer,Mitchell",10.0,10,6.0,141.5,8.0,147.5,323.0
63,9070808531,"Kuether,Laine",10.0,4,10.0,103.0,10.0,144.5,281.5
46,9073165715,"Zimmerman,Samuel",10.0,10,10.0,10.0,125.0,140.5,305.5
18,9072522171,"Honold,Luke",10.0,10,10.0,8.0,103.0,140.5,281.5
72,9073718547,"Reines,Maxwell",7.0,10,10.0,102.0,3.0,139.0,271.0
17,9071901459,"Holland,Samuel",10.0,10,10.0,8.0,125.0,137.5,300.5
7,9072078836,"Degler,Evan",10.0,5,10.0,8.0,107.5,137.0,277.5
79,9069945435,"Vandenack,Brett",10.0,4,6.0,117.0,4.0,136.25,277.25
11,9072881585,"Galles,Henry",10.0,10,10.0,10.0,81.5,135.0,256.5
54,9071525589,"Bruckschen,Eric",10.0,2,6.0,122.5,3.0,135.0,278.5
38,9068726240,"Schumann,Christopher",10.0,10,10.0,10.0,120.0,134.0,294.0
49,9074004962,"Bachman,Connor",10.0,10,10.0,140.0,8.0,133.0,311.0
37,9069825660,"Overturf,Joshua",8.0,10,10.0,8.0,115.0,132.75,283.75
39,9073438161,"Schwensohn,Rachel",10.0,10,10.0,3.0,110.5,131.25,274.75
59,9072592034,"Grujo,Sanja",10.0,10,10.0,99.5,8.0,130.0,267.5
44,9071929443,"White,Jake Patrick",8.0,10,10.0,10.0,117.5,129.5,285.0
5,9072078182,"Childs,Andrew Phillip",10.0,10,10.0,10.0,95.0,128.5,263.5
22,9070163408,"Klawonn,Cailin",10.0,7,10.0,3.0,125.5,127.0,282.5
29,9072972970,"Massey,Ben",10.0,3,10.0,10.0,147.5,126.75,307.25
31,9072871669,"McGinn,Thomas",10.0,10,10.0,8.0,101.0,126.0,265.0
30,9071162789,"Mathers,David",10.0,10,10.0,8.0,95.0,124.5,257.5
56,9072600449,"Coghlan,Erin",10.0,10,10.0,129.0,3.0,124.5,286.5
76,9072605414,"Stocking,Ryan",10.0,6,10.0,110.0,8.0,122.5,266.5
47,9071571039,"Aronson,Zachary",10.0,10,10.0,115.0,9.0,122.25,276.25
26,9069932813,"Malliet,Ryan",,5,10.0,3.0,110.5,121.75,250.25
0,9071987672,"Battenberg,Jacob",8.0,3,10.0,8.0,125.0,121.5,275.5
40,9070423752,"Sedlacek,Scott",8.0,10,10.0,10.0,93.5,121.0,252.5
45,9078297901,"Yeo,Chao Cheng",10.0,10,10.0,6.0,123.0,120.25,279.25
71,9079190642,"Qian,Chaoyang",10.0,7,6.0,130.0,10.0,120.25,283.25
74,9078207603,"Sabin Ulloa,Carlos",10.0,5,10.0,112.0,3.0,120.25,260.25
35,9072531438,"Opichka,Kirsten",10.0,10,10.0,10.0,102.5,120.0,262.5
50,9071159421,"Baker,Kathryn",10.0,10,10.0,96.0,8.0,118.5,252.5
14,9071035969,"Hahn,Ian",10.0,10,10.0,3.0,118.0,117.5,268.5
53,9071753595,"Bouse,Bridgette",6.0,5,10.0,145.0,8.0,117.5,291.5
16,9073702038,"Hill,Timothy",10.0,6,5.0,9.0,122.5,116.5,269.0
33,9073319049,"Murphy,Nell",10.0,3,10.0,10.0,94.5,116.5,244.0
25,9070362984,"Ley,Rachel",10.0,10,10.0,3.0,112.5,116.0,261.5
15,9073002322,"Hapeman,William James",5.0,10,10.0,8.0,102.0,116.0,251.0
77,9071441308,"Stuber,Lauren",10.0,10,10.0,100.5,4.0,116.0,250.5
24,9078178994,"Le,Hung Quoc",10.0,10,10.0,,126.5,115.5,272.0
52,9072568562,"Blanch,Matt",10.0,10,10.0,118.0,3.0,115.5,266.5
68,9072604060,"Nichol,Mark Kevin",8.0,4,10.0,140.0,3.0,114.0,279.0
67,9071445259,"Millard,Joey",10.0,4,10.0,106.5,3.0,113.25,246.75
10,9071525480,"Feyen,Nick",8.0,1,10.0,3.0,130.0,113.0,265.0
61,9072093298,"Hepp,Nicole",10.0,10,10.0,135.0,10.0,112.0,287.0
64,9071751672,"Levy,Matthew Adam",10.0,4,10.0,113.5,7.0,111.5,256.0
58,9070798021,"Garrison,Madeline",10.0,7,10.0,105.0,9.0,111.25,252.25
1,9068748426,"Blitz,Jeremiah",5.0,10,10.0,3.0,88.5,111.0,227.5
23,9071162201,"Korab,Benjamin",5.0,4,10.0,5.0,90.0,109.0,223.0
34,9070409553,"Myers,Kevin",10.0,7,10.0,6.0,129.5,107.5,270.0
65,9071350707,"Longo,Madeline Claire",10.0,7,10.0,100.0,3.0,105.5,235.5
43,9068624809,"Thornton,Nickolas",10.0,5,10.0,,102.0,103.0,230.0
4,9079191954,"Chen,Qinhong",7.0,10,10.0,10.0,112.0,103.0,252.0
69,9071374996,"Nicholson,Calvin",8.0,5,10.0,131.5,3.0,99.25,256.75
19,9072082267,"Jirschele,Sean",10.0,10,10.0,8.0,109.0,99.0,246.0
73,9078285468,"Ros Callejo,Myriam",8.0,5,10.0,117.0,3.0,96.5,239.5
51,9071159645,"Bergevain,Clay Gregory",6.0,10,6.0,109.5,3.0,95.5,230.0
2,9070334975,"Bohn,Cooper",9.0,4,10.0,7.0,98.0,95.0,223.0
70,9070397238,"Nickels,Benjamin",6.0,10,5.0,100.0,3.0,95.0,219.0
55,9070752069,"Case,Philip",8.0,3,6.0,100.5,3.0,90.0,210.5
12,9070853909,"Gasser,Sam",10.0,4,10.0,8.0,64.5,89.25,185.75
28,9078217651,"Martinez Rodriguez,Julia",10.0,3,7.0,,120.0,87.5,227.5
42,9067660994,"Steinmetz,Austin",10.0,7,6.0,3.0,98.5,85.5,210.0
32,9071162888,"Meier,Noah",10.0,10,10.0,3.0,71.5,83.5,188.0
62,9073426810,"Hilkert,Eric",10.0,10,10.0,109.5,3.0,81.0,223.5
20,9071531892,"Johnson,Erik Steven",10.0,4,10.0,10.0,67.5,75.5,177.0
60,9071901210,"Hauge,Tyler",10.0,4,10.0,129.0,3.0,75.0,231.0
48,9069931419,"Austin,Patrick",8.0,3,10.0,112.0,9.0,73.0,215.0
21,9070339784,"Kaat,Amanda",8.0,6,6.0,8.0,76.5,71.5,176.0
57,9078297877,"Donsimoni,Laetitia Marie",9.0,10,10.0,88.5,8.0,69.0,194.5
9,9070336723,"Elliot,Samuel",5.0,4,5.0,6.0,98.0,69.0,187.0
13,9069394030,"Graham,Bryan",7.0,4,,3.0,53.0,64.75,131.75
66,9071903182,"Mazzara,Jordan Wilke",10.0,10,10.0,66.0,3.0,64.5,163.5
78,9070893319,"Tracey,Miles",9.0,6,10.0,92.0,8.0,61.0,186.0
6,9078294239,"Criaud,Tanguy Michel Marie",8.0,5,5.0,7.0,64.5,55.25,144.75
3,9071037445,"Catalano,Michael",10.0,5,4.0,6.0,109.5,,134.5
8,9071965074,"Doupe,Russell Charles",4.0,4,2.0,,45.0,,55.0
36,9069340652,"Ott,Derek",4.0,10,,,,,14.0
